d = 2 [0.0, 0.0, 1.0]
d = 3 [0.0, 0.0, 0.0, 1.0]
d = 4 [0.0, 0.0, 0.0, 0.0, 1.0]
d = 5 [0.0, 0.0, 0.17558045512302212, 0.052937507219590785, 0.0, 0.7714820376573871]
d = 6 [0.0, 0.0, 0.17558045512302212, 0.052937507219590785, 0.0, 0.7714820376573871, 0.0]
d = 7 [0.0, 0.0, 0.17558045512302212, 0.052937507219590785, 0.0, 0.7714820376573871, 0.0, 0.0]
d = 8 [0.0, 0.0, 0.17558045512302212, 0.052937507219590785, 0.0, 0.7714820376573871, 0.0, 0.0, 0.0]
d = 9 [0.0, 0.0, 0.17558045512302212, 0.052937507219590785, 0.0, 0.7714820376573871, 0.0, 0.0, 0.0, 0.0]
d = 10 [0.0, 0.0, 0.17558045512302212, 0.052937507219590785, 0.0, 0.7714820376573871, 0.0, 0.0, 0.0, 0.0, 0.0]
d = 11 [0.0, 0.0, 0.17558045512302212, 0.052937507219590785, 0.0, 0.7714820376573871, 0.0, 0.0, 0.0, 0.0, 0.0, 0.0]
d = 12 [0.0, 0.0, 0.17558045512302212, 0.052937507219590785, 0.0, 0.7714820376573871, 0.0, 0.0, 0.0, 0.0, 0.0, 0.0, 0.0]
d = 13 [0.0, 0.0, 0.17558045512302212, 0.052937507219590785, 0.0, 0.7714820376573871, 0.0, 0.0, 0.0, 0.0, 0.0, 0.0, 0.0, 0.0]
d = 14 [0.0, 0.0, 0.17558045512302212, 0.052937507219590785, 0.0, 0.7714820376573871, 0.0, 0.0, 0.0, 0.0, 0.0, 0.0, 0.0, 0.0, 0.0]
d = 15 [0.0, 0.0, 0.17558045512302212, 0.052937507219590785, 0.0, 0.7714820376573871, 0.0, 0.0, 0.0, 0.0, 0.0, 0.0, 0.0, 0.0, 0.0, 0.0]
d = 16 [0.0, 0.0, 0.17558045512302212, 0.052937507219590785, 0.0, 0.7714820376573871, 0.0, 0.0, 0.0, 0.0, 0.0, 0.0, 0.0, 0.0, 0.0, 0.0, 0.0]
d = 17 [0.0, 0.0, 0.17558045512302212, 0.052937507219590785, 0.0, 0.7714820376573871, 0.0, 0.0, 0.0, 0.0, 0.0, 0.0, 0.0, 0.0, 0.0, 0.0, 0.0, 0.0]
d = 18 [0.0, 0.0, 0.17558045512302212, 0.052937507219590785, 0.0, 0.7714820376573871, 0.0, 0.0, 0.0, 0.0, 0.0, 0.0, 0.0, 0.0, 0.0, 0.0, 0.0, 0.0, 0.0]
d = 19 [0.0, 0.0, 0.17558045512302212, 0.052937507219590785, 0.0, 0.7714820376573871, 0.0, 0.0, 0.0, 0.0, 0.0, 0.0, 0.0, 0.0, 0.0, 0.0, 0.0, 0.0, 0.0, 0.0]
